-6
37
51
-88
-61
48
-23
-25
2
-8
-17
-48
42
41
-24
-90
33
33
-28
-34
-35
-25
-27
11
49
56
30
-74
-128
-127
-121
26
21
-13
54
57
-7
-58
-47
18
53
58
0
-62
1
-38
-76
37
-115
1
46
-95
48
16
-33
-66
-5
20
37
69
-20
9
-89
37
-61
60
15
-95
17
35
1
10
24
5
-58
9
26
-24
-4
16
33
-76
-85
-128
52
11
-80
62
36
-55
1
0
-35
-18
25
-2
12
-23
-13
42
33
-79
-35
21
8
-16
-41
56
-12
-66
-38
47
-10
13
-2
36
46
4
36
-28
42
22
-83
56
-25
-74
-21
6
24
-67
24
-16
32
36
-26
-1
26
51
10
-2
-75
34
35
5
18
43
62
2
-2
-36
-59
-64
-56
-49
-93
-35
-128
42
79
-72
-75
3
31
-34
-13
49
-75
-24
65
10
10
-3
7
16
38
2
-4
16
6
38
47
-1
6
-14
-47
37
-40
53
-3
-52
66
52
-128
-128
-121
-12
30
-21
-56
-58
-17
-43
-14
-98
63
44
5
6
11
-74
18
-75
-32
-83
-43
18
-54
-124
50
40
-128
-7
36
-36
-99
12
-51
15
-35
-60
36
-21
30
59
43
31
10
-27
32
51
-61
-77
-34
63
-18
-67
53
-48
-43
8
-116
-31
-67
-6
62
-30
36
10
27
-18
13
68
44
-28
54
6
-128
-105
-128
-29
-12
54
-74
-82
-121
-76
-16
44
-42
18
10
16
-26
-5
18
21
-8
27
